0.00029540061950683594   
0.002267599105834961   
0.002136707305908203   
0.0020494461059570312   
0.001809835433959961   
0.0022420883178710938   
0.001695394515991211   
0.004370689392089844   
0.0019497871398925781   
0.006593465805053711   
0.0018990039825439453   
0.0462799072265625   
0.04877424240112305   
0.08442282676696777   
0.0017955303192138672   
0.23043060302734375   
0.001970052719116211   
0.06864738464355469   
0.42134952545166016   
0.002194643020629883   
0.0019288063049316406   
0.10539507865905762   
3.2410175800323486   
0.11149716377258301   
3.190159559249878   
0.08670449256896973   
0.002325773239135742   
25.800657272338867   
4.911988973617554   
0.043364763259887695   
26.409154176712036   
0.12541556358337402   
120.92715620994568   
